4294967279,281
4294967278,333
4294967279,334
4294967278,424
4294967279,518
4294967278,355
4294967279,528
4294967278,237
4294967279,222
4294967279,233
4294967279,231
4294967279,229
4294967278,220
4294967279,217
4294967278,214
4294967278,354
4294967279,211
4294967279,210
4294967278,202
4294967279,330
4294967278,320
4294967279,328
676,6
676,5
676,4
676,3
676,2
676,1
4294967278,409
4294967278,351
4294967278,382
4294967294,387
4294967279,170
673,8
4294967279,327
4294967279,56
4294967294,393
673,7
673,6
673,5
673,4
673,3
673,2
673,1
4294967279,347
4294967279,533
4294967279,150
4294967278,150
4294967279,149
4294967278,426
4294967279,143
4294967278,252
4294967279,142
4294967278,141
4294967279,140
4294967278,140
4294967279,139
4294967278,139
4294967279,270
4294967278,128
4294967278,388
4294967278,125
4294967278,123
4294967278,122
4294967278,111
4294967278,110
4294967278,109
4294967278,107
4294967278,105
4294967278,101
4294967278,95
4294967278,94
4294967278,92
4294967278,91
4294967278,78
4294967278,77
4294967278,76
4294967278,63
4294967278,55
4294967278,392
4294967278,439
4294967278,292
4294967278,395
4294967278,437
4294967278,174
4294967279,276
4294967279,77
4294967279,364
4294967279,65
4294967279,62
4294967279,268
4294967279,54
4294967279,48
4294967279,47
4294967279,46
4294967279,575
4294967279,37
4294967279,36
4294967279,35
4294967279,34
4294967279,33
4294967279,326
4294967279,23
4294967279,331
4294967279,14
4294967279,12
4294967279,11
4294967279,7
4294967279,5
4294967278,421
669,8
669,7
669,6
4294967279,263
669,5
669,4
4294967279,262
669,3
669,2
669,1
4294967279,10
4294967279,216
4294967279,538
4294967279,9
4294967279,8
4294967278,350
4294967279,6
4294967279,254
4294967279,253
4294967279,513
4294967279,512
4294967278,322
4294967278,321
4294967278,118
4294967278,127
4294967278,126
4294967278,359
4294967278,318
4294967278,254
4294967279,314
4294967279,324
4294967278,248
4294967278,246
4294967278,418
4294967279,245
4294967278,108
4294967278,263
4294967278,289
4294967278,113
4294967278,230
4294967279,515
4294967294,414
4294967294,184
4294967294,404
4294967279,557
4294967278,383
4294967279,213
664,7
4294967279,294
4294967278,99
4294967279,220
4294967278,210
4294967278,208
4294967279,205
664,6
664,5
664,4
664,3
664,2
664,1
4294967278,283
4294967278,347
4294967278,89
4294967278,249
4294967279,274
4294967294,1413
4294967278,345
4294967278,260
4294967278,84
4294967278,193
4294967279,322
4294967279,186
661,6
661,5
661,4
661,3
661,2
661,1
4294967278,433
659,7
4294967279,251
4294967278,344
4294967279,44
659,6
659,5
659,4
659,3
659,2
659,1
4294967279,259
4294967279,148
4294967279,147
4294967278,138
4294967279,16
4294967294,395
4294967294,399
4294967294,1415
4294967294,407
4294967294,420
4294967294,455
4294967294,110
4294967294,108
4294967294,458
4294967279,25
4294967279,570
4294967279,24
4294967279,567
4294967279,383
4294967278,133
4294967279,271
4294967278,276
4294967278,286
656,6
656,5
656,4
656,3
656,2
656,1
4294967279,381
4294967278,265
4294967279,258
4294967278,264
4294967279,255
4294967279,257
4294967279,256
4294967278,257
4294967279,298
4294967278,356
4294967279,541
653,7
4294967278,343
4294967294,388
4294967279,249
653,6
653,5
653,4
653,3
653,2
653,1
4294967279,242
4294967279,379
4294967278,417
4294967278,226
4294967279,215
4294967279,297
4294967278,213
4294967278,378
4294967278,211
4294967279,212
650,7
4294967279,377
4294967278,205
650,6
650,5
650,4
650,3
650,2
650,1
4294967279,323
4294967294,437
4294967278,86
4294967278,434
4294967279,553
4294967278,376
4294967278,192
4294967279,192
4294967278,428
4294967279,187
4294967279,376
4294967279,230
4294967278,184
4294967279,181
4294967278,179
4294967279,177
647,5
647,4
647,3
647,2
647,1
4294967279,341
4294967278,177
4294967279,172
4294967279,57
4294967278,171
4294967279,171
4294967278,170
645,4
645,3
645,2
645,1
4294967278,169
4294967278,167
644,4
644,3
644,2
644,1
4294967279,166
4294967278,385
643,6
4294967279,226
4294967278,160
643,5
4294967279,159
4294967279,158
643,4
643,3
643,2
643,1
4294967279,157
4294967278,156
4294967278,153
4294967279,154
4294967278,400
642,5
642,4
642,3
642,2
642,1
4294967278,405
4294967278,148
4294967279,145
641,5
4294967279,144
4294967278,144
641,4
4294967278,143
641,3
641,2
641,1
4294967278,142
640,4
640,3
640,2
640,1
4294967279,138
4294967279,272
639,4
639,3
639,2
639,1
4294967278,134
4294967294,189
4294967278,312
4294967294,390
4294967294,115
4294967294,114
4294967278,304
4294967278,299
4294967278,431
4294967294,1045
4294967294,1044
4294967294,1043
4294967294,1039
4294967294,1029
4294967294,1027
4294967294,421
4294967294,190
4294967294,182
4294967294,170
4294967294,162
4294967278,420
4294967279,267
4294967278,329
4294967279,252
4294967278,316
4294967279,250
4294967279,241
4294967279,235
4294967278,232
4294967278,228
4294967279,227
4294967279,225
4294967279,223
4294967278,216
4294967278,209
4294967278,132
4294967278,298
4294967278,325
4294967278,124
4294967278,119
4294967278,90
4294967278,137
4294967278,301
4294967278,425
4294967278,272
4294967278,346
4294967278,427
4294967278,423
4294967278,0
4294967278,300
4294967279,278
4294967279,26
4294967279,320
4294967279,531
4294967279,549
4294967279,342
4294967279,137
4294967279,4
4294967278,342
4294967279,363
638,6
638,5
638,4
638,3
638,2
638,1
4294967278,189
4294967278,411
4294967279,318
4294967279,373
635,8
4294967294,1032
4294967294,186
4294967279,542
4294967279,260
4294967279,371
635,7
635,6
635,5
635,4
635,3
635,2
635,1
4294967278,341
4294967279,551
4294967278,159
4294967278,340
4294967294,194
4294967294,198
4294967294,193
4294967279,336
4294967278,217
4294967279,224
4294967278,146
4294967278,145
4294967294,396
4294967294,1076
4294967294,402
4294967294,451
4294967294,405
4294967279,246
4294967278,136
4294967278,135
631,8
631,7
631,6
4294967279,133
631,5
631,4
631,2
631,1
4294967279,291
4294967294,474
4294967279,380
4294967278,445
4294967278,269
4294967278,339
4294967278,262
4294967278,261
4294967278,278
4294967279,319
4294967279,315
4294967294,1418
4294967278,250
4294967279,367
4294967278,242
4294967278,244
4294967278,419
4294967294,9
4294967279,239
4294967278,238
4294967279,237
4294967279,236
4294967278,236
4294967278,332
4294967279,234
626,7
4294967278,224
4294967279,221
4294967279,219
4294967278,218
4294967279,311
626,6
626,5
626,4
4294967278,212
626,3
626,2
626,1
4294967278,384
4294967278,239
4294967294,472
4294967279,209
4294967279,208
4294967278,207
4294967279,207
4294967278,206
4294967279,206
4294967278,204
4294967279,204
4294967278,201
4294967278,203
4294967278,199
4294967279,195
4294967278,195
623,6
4294967279,194
4294967278,306
4294967278,247
623,5
4294967279,191
623,4
4294967278,185
